0 4
0.5 7.58656
1 6.33977
1.5 5.25878
2 4.36168
2.5 3.61761
3 3.00047
3.5 2.48861
4 2.06407
4.5 1.71196
5 1.41991
5.5 1.17768
6 0.976779
6.5 0.810148
7 0.671943
7.5 0.557314
8 0.46224
8.5 0.383386
9 0.317983
9.5 0.263737
10 0.218746
10.5 0.181429
11 0.150479
11.5 0.124808
12 0.103517
12.5 0.0858576
13 0.0712109
13.5 0.0590628
14 0.0489872
14.5 0.0406303
15 0.0336991
15.5 0.0279503
16 0.0231821
16.5 0.0192274
17 0.0159474
17.5 0.0132269
18 0.0109705
18.5 0.00909899
19 0.00754677
19.5 0.00625934
20 0.00519154
20.5 0.0043059
21 0.00357135
21.5 0.0029621
22 0.00245679
22.5 0.00203768
23 0.00169007
23.5 0.00140175
24 0.00116262
24.5 0.000964289
25 0.000799789
25.5 0.000663351
26 0.000550188
26.5 0.00045633
27 0.000378483
27.5 0.000313917
28 0.000260365
28.5 0.000215949
29 0.000179109
29.5 0.000148555
30 0.000123212
30.5 0.000102193
31 8.47597e-05
31.5 7.03003e-05
32 5.83076e-05
32.5 4.83608e-05
33 4.01108e-05
33.5 3.32682e-05
34 2.75929e-05
34.5 2.28857e-05
35 1.89816e-05
35.5 1.57435e-05
36 1.30577e-05
36.5 1.08302e-05
37 8.98264e-06
37.5 7.45027e-06
38 6.17931e-06
38.5 5.12516e-06
39 4.25085e-06
39.5 3.52568e-06
40 2.92423e-06
40.5 2.42538e-06
41 2.01162e-06
41.5 1.66846e-06
42 1.38383e-06
42.5 1.14776e-06
43 9.51959e-07
43.5 7.89562e-07
44 6.54868e-07
44.5 5.43153e-07
45 4.50495e-07
45.5 3.73644e-07
46 3.09903e-07
46.5 2.57036e-07
47 2.13187e-07
47.5 1.76819e-07
48 1.46655e-07
48.5 1.21637e-07
49 1.00886e-07
49.5 8.36759e-08
50 6.94014e-08
50.5 5.75621e-08
51 4.77424e-08
51.5 3.95979e-08
52 3.28428e-08
52.5 2.724e-08
53 2.25931e-08
53.5 1.87389e-08
54 1.55422e-08
54.5 1.28908e-08
55 1.06917e-08
55.5 8.86778e-09
56 7.355e-09
56.5 6.10029e-09
57 5.05963e-09
57.5 4.19649e-09
58 3.4806e-09
58.5 2.88684e-09
59 2.39436e-09
59.5 1.9859e-09
60 1.64712e-09
60.5 1.36613e-09
61 1.13308e-09
61.5 9.39787e-10
62 7.79466e-10
62.5 6.46495e-10
63 5.36207e-10
63.5 4.44734e-10
64 3.68866e-10
64.5 3.0594e-10
65 2.53749e-10
65.5 2.10461e-10
66 1.74558e-10
66.5 1.4478e-10
67 1.20081e-10
67.5 9.95964e-11
68 8.2606e-11
68.5 6.8514e-11
69 5.6826e-11
69.5 4.71319e-11
70 3.90916e-11
70.5 3.24228e-11
71 2.68917e-11
71.5 2.23042e-11
72 1.84993e-11
72.5 1.53434e-11
73 1.27259e-11
73.5 1.0555e-11
74 8.75439e-12
74.5 7.26095e-12
75 6.02229e-12
75.5 4.99493e-12
76 4.14283e-12
76.5 3.4361e-12
77 2.84992e-12
77.5 2.36375e-12
78 1.96051e-12
78.5 1.62606e-12
79 1.34867e-12
79.5 1.11859e-12
80 9.2777e-13
80.5 7.69499e-13
81 6.38228e-13
81.5 5.29351e-13
82 4.39048e-13
82.5 3.64149e-13
83 3.02028e-13
83.5 2.50504e-13
84 2.0777e-13
84.5 1.72326e-13
85 1.42929e-13
85.5 1.18546e-13
86 9.83229e-14
86.5 8.15497e-14
87 6.76379e-14
87.5 5.60994e-14
88 4.65293e-14
88.5 3.85917e-14
89 3.20082e-14
89.5 2.65479e-14
90 2.2019e-14
90.5 1.82627e-14
91 1.51472e-14
91.5 1.25632e-14
92 1.042e-14
92.5 8.64245e-15
93 7.16811e-15
93.5 5.94528e-15
94 4.93106e-15
94.5 4.08986e-15
95 3.39216e-15
95.5 2.81348e-15
96 2.33352e-15
96.5 1.93544e-15
97 1.60527e-15
97.5 1.33142e-15
98 1.10429e-15
98.5 9.15907e-16
99 7.5966e-16
99.5 6.30067e-16
100 5.22582e-16
100.5 4.33434e-16
101 3.59493e-16
101.5 2.98166e-16
102 2.47301e-16
102.5 2.05113e-16
103 1.70123e-16
103.5 1.41101e-16
104 1.1703e-16
104.5 9.70656e-17
105 8.0507e-17
105.5 6.67731e-17
106 5.53821e-17
106.5 4.59343e-17
107 3.80982e-17
107.5 3.1599e-17
108 2.62084e-17
108.5 2.17374e-17
109 1.80292e-17
109.5 1.49535e-17
110 1.24026e-17
110.5 1.02868e-17
111 8.53194e-18
111.5 7.07645e-18
112 5.86926e-18
112.5 4.86801e-18
113 4.03756e-18
113.5 3.34878e-18
114 2.77751e-18
114.5 2.30368e-18
115 1.91069e-18
115.5 1.58474e-18
116 1.3144e-18
116.5 1.09017e-18
117 9.04195e-19
117.5 7.49946e-19
118 6.22011e-19
118.5 5.159e-19
119 4.27891e-19
119.5 3.54896e-19
120 2.94354e-19
120.5 2.44139e-19
121 2.02491e-19
121.5 1.67947e-19
122 1.39297e-19
122.5 1.15534e-19
123 9.58245e-20
123.5 7.94775e-20
124 6.59192e-20
124.5 5.46739e-20
125 4.53469e-20
125.5 3.76111e-20
126 3.11949e-20
126.5 2.58733e-20
127 2.14595e-20
127.5 1.77987e-20
128 1.47623e-20
128.5 1.2244e-20
129 1.01553e-20
129.5 8.42284e-21
130 6.98597e-21
130.5 5.79421e-21
131 4.80576e-21
131.5 3.98593e-21
132 3.30596e-21
132.5 2.74199e-21
133 2.27423e-21
133.5 1.88626e-21
134 1.56448e-21
134.5 1.29759e-21
135 1.07623e-21
135.5 8.92633e-22
136 7.40357e-22
136.5 6.14057e-22
137 5.09304e-22
137.5 4.2242e-22
138 3.50358e-22
138.5 2.9059e-22
139 2.41017e-22
139.5 1.99901e-22
140 1.658e-22
140.5 1.37516e-22
141 1.14056e-22
141.5 9.45992e-23
142 7.84613e-23
142.5 6.50764e-23
143 5.39748e-23
143.5 4.47671e-23
144 3.71302e-23
144.5 3.0796e-23
145 2.55424e-23
145.5 2.11851e-23
146 1.75711e-23
146.5 1.45736e-23
147 1.20874e-23
147.5 1.00254e-23
148 8.31514e-24
148.5 6.89664e-24
149 5.72012e-24
149.5 4.74431e-24
150 3.93497e-24
150.5 3.26369e-24
151 2.70693e-24
151.5 2.24515e-24
152 1.86214e-24
152.5 1.54447e-24
153 1.281e-24
153.5 1.06247e-24
154 8.81219e-25
154.5 7.3089e-25
155 6.06205e-25
155.5 5.02791e-25
156 4.17019e-25
156.5 3.45878e-25
157 2.86874e-25
157.5 2.37935e-25
158 1.97345e-25
158.5 1.6368e-25
159 1.35757e-25
159.5 1.12598e-25
160 9.33896e-26
160.5 7.7458e-26
161 6.42442e-26
161.5 5.32846e-26
162 4.41947e-26
162.5 3.66554e-26
163 3.04022e-26
163.5 2.52158e-26
164 2.09142e-26
164.5 1.73464e-26
165 1.43872e-26
165.5 1.19329e-26
166 9.89721e-27
166.5 8.20882e-27
167 6.80845e-27
167.5 5.64698e-27
168 4.68365e-27
168.5 3.88465e-27
169 3.22196e-27
169.5 2.67232e-27
170 2.21644e-27
170.5 1.83833e-27
171 1.52472e-27
171.5 1.26462e-27
172 1.04888e-27
172.5 8.69951e-28
173 7.21544e-28
173.5 5.98454e-28
174 4.96362e-28
174.5 4.11686e-28
175 3.41456e-28
175.5 2.83206e-28
176 2.34893e-28
176.5 1.94822e-28
177 1.61587e-28
177.5 1.34021e-28
178 1.11158e-28
178.5 9.21954e-29
179 7.64676e-29
179.5 6.34228e-29
180 5.26033e-29
180.5 4.36296e-29
181 3.61867e-29
181.5 3.00135e-29
182 2.48934e-29
182.5 2.06468e-29
183 1.71246e-29
183.5 1.42033e-29
184 1.17803e-29
184.5 9.77066e-30
185 8.10385e-30
185.5 6.7214e-30
186 5.57478e-30
186.5 4.62376e-30
187 3.83498e-30
187.5 3.18076e-30
188 2.63815e-30
188.5 2.1881e-30
189 1.81482e-30
189.5 1.50523e-30
190 1.24845e-30
190.5 1.03547e-30
191 8.58828e-31
191.5 7.12318e-31
192 5.90802e-31
192.5 4.90015e-31
193 4.06422e-31
193.5 3.3709e-31
194 2.79585e-31
194.5 2.31889e-31
195 1.92331e-31
195.5 1.59521e-31
196 1.32308e-31
196.5 1.09737e-31
197 9.10165e-32
197.5 7.54898e-32
198 6.26118e-32
198.5 5.19307e-32
199 4.30717e-32
199.5 3.5724e-32
200 2.96297e-32
200.5 2.45751e-32
201 2.03828e-32
201.5 1.69056e-32
202 1.40216e-32
202.5 1.16297e-32
203 9.64572e-33
203.5 8.00023e-33
204 6.63545e-33
204.5 5.50349e-33
205 4.56464e-33
205.5 3.78594e-33
206 3.14009e-33
206.5 2.60441e-33
207 2.16012e-33
207.5 1.79162e-33
208 1.48598e-33
208.5 1.23248e-33
209 1.02223e-33
209.5 8.47846e-34
210 7.0321e-34
210.5 5.83247e-34
211 4.8375e-34
211.5 4.01225e-34
212 3.32779e-34
212.5 2.7601e-34
213 2.28924e-34
213.5 1.89872e-34
214 1.57481e-34
214.5 1.30616e-34
215 1.08334e-34
215.5 8.98527e-35
216 7.45245e-35
216.5 6.18112e-35
217 5.12666e-35
217.5 4.25209e-35
218 3.52672e-35
218.5 2.92509e-35
219 2.42609e-35
219.5 2.01221e-35
220 1.66895e-35
220.5 1.38424e-35
221 1.14809e-35
221.5 9.52238e-36
222 7.89793e-36
222.5 6.55061e-36
223 5.43312e-36
223.5 4.50627e-36
224 3.73753e-36
224.5 3.09994e-36
225 2.57111e-36
225.5 2.1325e-36
226 1.76871e-36
226.5 1.46698e-36
227 1.21672e-36
227.5 1.00916e-36
228 8.37005e-37
228.5 6.94218e-37
229 5.75789e-37
229.5 4.77564e-37
230 3.96095e-37
230.5 3.28524e-37
231 2.7248e-37
231.5 2.25997e-37
232 1.87444e-37
232.5 1.55467e-37
233 1.28946e-37
233.5 1.06948e-37
234 8.87038e-38
234.5 7.35716e-38
235 6.10208e-38
235.5 5.06111e-38
236 4.19772e-38
236.5 3.48162e-38
237 2.88768e-38
237.5 2.39507e-38
238 1.98648e-38
238.5 1.6476e-38
239 1.36654e-38
239.5 1.13341e-38
240 9.40062e-39
240.5 7.79695e-39
241 6.46684e-39
241.5 5.36365e-39
242 4.44865e-39
242.5 3.68974e-39
243 3.0603e-39
243.5 2.53823e-39
244 2.10523e-39
244.5 1.74609e-39
245 1.44822e-39
245.5 1.20117e-39
246 9.96256e-40
246.5 8.26302e-40
247 6.85341e-40
247.5 5.68427e-40
248 4.71457e-40
248.5 3.9103e-40
249 3.24323e-40
249.5 2.68996e-40
250 2.23107e-40
