74
85
262
353
362
434
465
480
481
534
658
691
717
739
747
813
856
928
1017
1039
1083
1246
1275
1587
1636
1680
1711
1804
1863
1927
1934
2118
2152
2189
2208
2268
2319
2319
2331
2346
2453
2495
2552
2568
2588
2608
2613
2672
2697
2733
2745
2813
2844
2893
2963
3046
3192
3214
3258
3286
3304
3333
3368
3486
3499
3553
3601
3681
3725
3931
4141
4311
4327
4424
4480
4491
4534
4673
4751
4768
4881
4886
4946
4974
4996
5031
5058
5060
5100
5156
5163
5237
5315
5351
5373
5416
5574
5579
5607
5676
5734
5856
6184
6222
6279
6383
6400
6436
6446
6620
6679
6723
6834
6932
7004
7010
7026
7044
7077
7165
7210
7324
7331
7384
7396
7416
7543
7573
7663
7711
7842
7927
8059
8065
8082
8083
8152
8210
8296
8369
8537
8572
8574
8745
8814
8859
8864
8948
9070
9583
9699
9807
9832
9908
9949
9956
10083
10104
10271
10307
10342
10347
10387
10404
10454
10481
10579
10634
10678
10705
10707
10790
10899
10951
10957
11011
11051
11090
11158
11169
11219
11283
11285
11505
11571
11743
11774
12214
12272
12335
12366
12559
12609
12609
12627
12819
13192
13218
13308
13313
13386
13427
13645
13762
13933
13997
14030
14131
14192
14411
14419
14487
14558
14598
14610
14639
14685
14718
14731
14785
15007
15051
15106
15112
15220
15251
15362
15423
15434
15437
15491
15523
15596
15597
15647
15669
15675
15679
15759
15781
15826
15846
15855
15870
15922
15945
15980
16001
16016
16025
16051
16075
16159
16174
16227
16302
16326
16512
16599
16655
16775
16836
16882
16985
17287
17344
17351
17358
17416
17481
17484
17581
17614
17646
17712
17745
17808
17866
17910
17979
18044
18173
18191
18256
18402
18406
18446
18502
18583
18607
18648
18740
18924
19053
19091
19288
19324
19494
19515
19567
19586
19730
19761
19876
19938
20024
20083
20139
20161
20246
20253
20408
20446
20459
20537
20614
20723
20752
20863
20916
20920
21008
21060
21082
21101
21134
21167
21193
21286
21403
21515
21669
21705
21823
21948
22065
22066
22305
22426
22495
22520
22565
22574
22595
22640
22666
22743
22796
22853
22943
22948
23029
23029
23127
23310
23354
23365
23377
23428
23481
23608
23629
23703
23764
23924
24127
24172
24177
24179
24332
24623
24710
24731
24852
24880
24917
24931
24979
25062
25123
25244
25244
25264
25264
25290
25424
25437
25523
25530
25536
25684
25701
25701
25719
25828
25967
25978
25987
26158
26219
26277
26294
26400
26448
26464
26504
26532
26537
26582
26589
26615
26617
26748
26774
26968
27045
27285
27342
27431
27462
27499
27607
27633
27649
28095
28258
28312
28329
28352
28413
28440
28475
28528
28550
28553
28586
28629
28648
28832
28848
28960
29018
29025
29107
29141
29241
29259
29281
29349
29462
29553
29560
29598
29609
29646
29727
29849
30051
30159
30186
30199
30248
30274
30321
30403
30470
30535
30562
30591
30609
30615
30801
30840
30922
31065
31096
31173
31396
31422
31425
31464
31503
31536
31669
31774
31824
31856
31867
31883
31885
31956
32042
32108
32121
32127
32276
32486
32597
32643
32683
1678923260